StartChar: Epsilontonos
Encoding: 904 904 407
Width: 960
VWidth: 0
Flags: HW
LayerCount: 2
Fore
Refer: 392 900 N 0.903507 0 0 1 -361 -16 2
Refer: 371 917 N 0.937574 0 0 1 127 0 3
EndChar
