StartChar: Etatonos
Encoding: 905 905 408
Width: 960
VWidth: 0
Flags: HW
LayerCount: 2
Fore
Refer: 392 900 N 0.910545 0 0 1 -378 11 2
Refer: 373 919 N 0.949588 0 0 1 130 0 3
EndChar
