StartChar: Iotatonos
Encoding: 906 906 409
Width: 960
VWidth: 0
Flags: HW
LayerCount: 2
Fore
Refer: 392 900 N 0.900635 0 0 1 -361.969 -49 2
Refer: 375 921 N 0.927184 0 0 1 118 -15 3
EndChar
