StartChar: Omegatonos
Encoding: 911 911 404
Width: 960
VWidth: 0
Flags: HW
LayerCount: 2
Fore
Refer: 392 900 N 0.84511 0 0 1 -328 -101 2
Refer: 391 937 N 0.92464 0 0 1 78 0 3
EndChar
