StartChar: Upsilontonos
Encoding: 910 910 403
Width: 960
VWidth: 0
Flags: HW
LayerCount: 2
Fore
Refer: 392 900 N 0.837594 0 0 1 -351.413 -43 2
Refer: 382 933 S 0.904207 0 0 1 165 0 3
EndChar
