StartChar: dieresistonos
Encoding: 901 901 411
Width: 1010
VWidth: -28
Flags: HW
LayerCount: 2
Fore
Refer: 392 900 N 0.926471 0 0 0.920192 33 130 2
Refer: 173 168 N 1 0 0 0.853679 0 162 2
EndChar
