StartChar: ellipsis
Encoding: 8230 8230 544
Width: 1060
VWidth: 26
Flags: W
LayerCount: 2
Fore
Refer: 53 46 N 0.888889 0 0 1 59 0 2
Refer: 53 46 N 0.88889 0 0 1 -341 0 2
Refer: 53 46 N 0.888889 0 0 1 459 0 2
Validated: 1
EndChar
