StartChar: Epsilontonos
Encoding: 904 904 405
Width: 960
VWidth: 0
Flags: HW
LayerCount: 2
Fore
Refer: 390 900 N 0.903507 0 0 1 -366.333 -16 2
Refer: 369 917 N 0.937574 0 0 1 127 0 3
EndChar
