StartChar: Iotatonos
Encoding: 906 906 407
Width: 960
VWidth: 0
Flags: HW
LayerCount: 2
Fore
Refer: 390 900 N 0.900635 0 0 1 -366.356 -49 2
Refer: 373 921 N 0.927184 0 0 1 118 -15 3
EndChar
