StartChar: Omegatonos
Encoding: 911 911 402
Width: 960
VWidth: 0
Flags: HW
LayerCount: 2
Fore
Refer: 390 900 N 0.84511 0 0 1 -332.905 -101 2
Refer: 389 937 N 0.92464 0 0 1 78 0 3
EndChar
