StartChar: Upsilontonos
Encoding: 910 910 401
Width: 960
VWidth: 0
Flags: HW
LayerCount: 2
Fore
Refer: 390 900 N 0.837594 0 0 1 -348.168 -43 2
Refer: 380 933 S 0.904207 0 0 1 165 0 3
EndChar
