StartChar: dieresistonos
Encoding: 901 901 409
Width: 1010
VWidth: -28
Flags: HW
LayerCount: 2
Fore
Refer: 390 900 S 0.926471 0 0 0.920192 45.0001 151 2
Refer: 173 168 N 1 0 0 0.853679 0 162 2
EndChar
