StartChar: ellipsis
Encoding: 8230 8230 542
Width: 1060
VWidth: 26
Flags: W
LayerCount: 2
Fore
Refer: 53 46 S 0.888889 0 0 1 107 0 2
Refer: 53 46 S 0.88889 0 0 1 -293 0 2
Refer: 53 46 S 0.888889 0 0 1 507 0 2
Validated: 1
EndChar
