StartChar: ldot
Encoding: 320 320 255
Width: 960
VWidth: 32
Flags: HW
LayerCount: 2
Fore
Refer: 171 183 N 0.860558 0 0 0.851281 309 260 2
Refer: 12 108 N 1 0 0 1 0 0 2
EndChar
